147
892
23
456
719
34
981
165
278
543
89
672
401
256
837
112
945
389
574
26
763
198
451
692
317
84
529
746
203
968
135
482
659
71
814
247
593
368
925
42
781
516
294
857
139
463
728
305
972
188
641
419
276
834
95
547
762
231
498
675
352
919
167
584
849
423
286
751
108
635
492
359
916
274
738
201
566
823
145
487
652
319
974
236
591
468
835
92
543
709
384
961
218
476
743
302
867
159
624
481
348
915
273
538
796
431
198
765
554
322
889
136
463
729
395
952
247
614
871
428
685
352
919
184
547
813
469
736
301
968
225
592
859
423
786
154
621
488
355
922
279
744
517
384
951
208
675
842
496
763
329
896
162
529
794
451
718
385
942
267
634
901
558
823
192
459
726
393
958
234
581
848
412
679
346
913
178
545
812
478
745
313
980
246
613
880
447
714
381
948
213
576
843
509
776
343
910
185
552
819
485
752
419
986
261
628
895
562
829
196
463
730
397
964
238
605
872
439
706
373
940
205
572
839
504
771
338
905
170
537
804
470
737
404
971
256
623
890
557
824
191
458
725
392
959
233
580
847
411
678
345
912
177
544
811
477
744
312
979
245
612
879
446
713
380
947
212
575
842
508
775
342
909
184
551
818
484
751
418
985
260
627
894
561
828
195
462
729
396
963
237
604
871
438
705
372
939
204
571
838
503
770
337
904
169
536
803
469
736
403
970
255
622
889
556
823
190
457
724
391
958
232
579
846
410
677
344
911
176
543
810
476
743
311
978
244
611
878
445
712
379
946
211
574
841
507
774
341
908
183
550
817
483
750
417
984
259
626
893
560
827
194
461
728
395
962
236
603
870
437
704
371
938
203
570
837
502
769
336
903
168
535
802
468
735
402
969
254
621
888
555
822
189
456
723
390
957
231
578
845
409
676
343
910
175
542
809
475
742
310
977
243
610
877
444
711
378
945
210
573
840
506
773
340
907
182
549
816
482
749
416
983
258
625
892
559
826
193
460
727
394
961
235
602
869
436
703
370
937
202
569
836
501
768
335
902
167
534
801
467
734
401
968
253
620
887
554
821
188
455
722
389
956
836
501
768
335
902
167
534
801
467
734
401
968
253
620
887
554
821
188
455
722
389
956
705
372
939
204
571